$ANSIBLE_VAULT;1.1;AES256
64353433336661646439313230666236343236363638626334363134613261653131373630376137
3062383763613762343762373263656630353236656136660a313538363266326437316231316632
66613163323661636566313133643239666337316465313766303365643034633263666637653862
3666363034373161300a326136363837343766376261363635663362343330393934613965643437
35396639646339353964313361343864356638663264373063393061303339353433653731316136
36383038333263333831363834653561663632363231356438656431663834326135356366373437
34366162386134656238386237613732346131636439343038626138313035313231306164306432
36356565346432656530306636313133393636663338316334636537303335666330393039383333
36616539353562333933356336653731623465663763333634356566356634646337353931396536
37333965386465373334623833393638353562616431386539613061363163343137633833333534
33356239366166343964623563616635383130373331623464653731666165393266393234663537
33383038626231343836363065333534343530353434346364363532663666643932373233366432
36306330663535336134636264666630386539633436613639383165386265613962356232383333
35353761316237316161373133626539613463613039633739636365636531376134666435306265
39643732386534393231666231363134616237306633383862336239643864633036353663323762
35316434303766383033303834313062343232313639653234333533666231383237333738306439
65383536316662303530633538373538313761306263303962353739313064323861646333653164
31326532326366623237313034323465663636313332363539306638633163316565636466613636
63623166643137653637343038663536393263383466616163346138643330386237656461353233
35623034323063303863663438623638393738323034326666613330313131383239656361313739
61306466386331333966313166623762666562666232336639323764363632626136316661386361
35666363666266326439653062653332363831346537626161666231383466356234653065383730
32636466323834393938383966313365626538386463356630633732626130656439353039373331
61326262653539313763316665336466376561313436373762333133633433396434376337623532
3531
